1.34242
2.18485
2.72366
3.048
3.20108
3.20108
3.048
2.72366
2.18485
1.34242
2.18485
3.67331
4.66178
5.26725
5.55524
5.55524
5.26725
4.66178
3.67331
2.18485
2.72366
4.66178
5.98288
6.80399
7.19738
7.19738
6.80399
5.98288
4.66178
2.72366
3.048
5.26725
6.80399
7.76846
8.23292
8.23292
7.76846
6.80399
5.26725
3.048
3.20108
5.55524
7.19738
8.23292
8.73292
8.73292
8.23292
7.19738
5.55524
3.20108
3.20108
5.55524
7.19738
8.23292
8.73292
8.73292
8.23292
7.19738
5.55524
3.20108
3.048
5.26725
6.80399
7.76846
8.23292
8.23292
7.76846
6.80399
5.26725
3.048
2.72366
4.66178
5.98288
6.80399
7.19738
7.19738
6.80399
5.98288
4.66178
2.72366
2.18485
3.67331
4.66178
5.26725
5.55524
5.55524
5.26725
4.66178
3.67331
2.18485
1.34242
2.18485
2.72366
3.048
3.20108
3.20108
3.048
2.72366
2.18485
1.34242