1 0.160408 0.244072
2 0.198909 0.243539
3 0.203258 0.242558
4 0.201323 0.192579
5 0.180302 0.261229
6 0.169426 0.26018
7 0.164598 0.26089
8 0.155104 0.190256
9 0.162306 0.260997
10 0.157327 0.260592
11 0.158252 0.260042
12 0.158674 0.191541
13 0.156974 0.245786
14 0.157244 0.247009
15 0.159412 0.247073
16 0.154756 0.151141
17 0.148344 0.245755
18 0.141303 0.24652
19 0.134472 0.245688
20 0.126639 0.190992
21 0.12162 0.26139
22 0.115946 0.261856
23 0.110785 0.262738
24 0.108777 0.191785
25 0.10287 0.260341
26 0.09895 0.261771
27 0.09584 0.261365
28 0.091999 0.192736
29 0.089388 0.246122
30 0.086796 0.24502
31 0.083076 0.246322
32 0.080224 0.147701
33 0.079276 0.245491
34 0.076548 0.243816
35 0.073891 0.244459
36 0.073006 0.192035
37 0.070111 0.261507
38 0.06909 0.261647
39 0.067228 0.260365
40 0.065486 0.19074
41 0.063646 0.26148
42 0.062321 0.26097
43 0.060909 0.260788
44 0.059443 0.191886
45 0.058453 0.246633
46 0.056837 0.249045
47 0.055438 0.24848
48 0.056341 0.150955
49 0.053392 0.244257
50 0.051896 0.246375
51 0.051774 0.245539
52 0.050326 0.192441
53 0.049746 0.261542
54 0.04835 0.261011
55 0.04768 0.260537
56 0.046643 0.192379
57 0.046114 0.261785
58 0.045382 0.261655
59 0.044438 0.26058
60 0.045586 0.192837
61 0.043389 0.244929
62 0.042563 0.245602
63 0.041721 0.244652