1 148.806 98.2423
2 60.6882 98.403
3 39.4571 98.3091
4 29.7012 125.26
5 26.4801 92.0591
6 23.5738 91.609
7 20.8565 91.7771
8 19.4727 126.219
9 16.3855 91.6485
10 15.1868 92.0966
11 13.8488 91.7708
12 12.5919 125.243
13 11.72 97.1459
14 10.8978 97.6729
15 10.0533 97.264
16 9.67137 159.004
17 9.51972 98.1579
18 9.46251 97.3536
19 9.44855 97.7465
20 9.49149 125.417
21 9.37045 91.8495
22 9.42242 91.6783
23 9.36956 91.728
24 9.14846 125.375
25 9.36942 91.8463
26 9.31996 91.4063
27 9.28964 91.3402
28 9.31029 125.019
29 9.25784 97.5649
30 9.27031 97.6801
31 9.23627 98.4042
32 9.35897 162.228
33 9.24131 98.0316
34 9.21385 98.8618
35 9.24068 98.6805
36 9.1511 125.532
37 9.22713 91.6874
38 9.22525 91.6646
39 9.16569 92.6598
40 9.15122 125.576
41 9.17228 91.559
42 9.1976 91.5335
43 9.22164 91.7119
44 9.13705 125.528
45 9.13492 97.2806
46 9.22485 97.1852
47 9.16551 97.4714
48 8.86415 158.828
49 9.17444 97.2061
50 9.14861 97.2632
51 9.1007 97.5039
52 9.16187 125.349
53 9.17682 92.111
54 9.17932 91.3742
55 9.15 91.9244
56 9.16554 125.377
57 9.13762 91.9395
58 9.21034 91.7539
59 9.1549 91.9378
60 8.73229 124.866
61 9.13856 97.9455
62 9.12211 97.7676
63 9.12155 97.9559