16 16 0.537018
32 16 0.268745
64 16 0.136272
128 16 0.069581
256 16 0.068075
512 16 0.051651
1024 16 0.043554
16 32 0.297177
32 32 0.148743
64 32 0.075116
128 32 0.038498
256 32 0.038994
512 32 0.029465
1024 32 0.02555
16 64 0.148724
32 64 0.075143
64 64 0.038353
128 64 0.021373
256 64 0.024029
512 64 0.018526
1024 64 0.018321
16 128 0.075195
32 128 0.038378
64 128 0.021384
128 128 0.015951
256 128 0.017523
512 128 0.017154
1024 128 0.014232
16 256 0.038602
32 256 0.021425
64 256 0.016138
128 256 0.017778
256 256 0.017094
512 256 0.014209
1024 256 0.01559
16 512 0.021456
32 512 0.0162
64 512 0.017834
128 512 0.01723
256 512 0.014219
512 512 0.015526
1024 512 0.013745
16 1024 0.016327
32 1024 0.017823
64 1024 0.017289
128 1024 0.014261
256 1024 0.015502
512 1024 0.013772
1024 1024 0.014608